0	0
0.005	-6578
0.01	-13155
0.015	-19724
0.02	-26290
0.025	-32858
0.03	-39429
0.035	-46003
0.04	-52580
0.045	-59160
0.05	-65742
0.055	-72326
0.06	-78912
0.065	-85498
0.07	-92083
0.075	-98668
0.08	-105251
0.085	-111830
0.09	-118402
0.095	-124962
0.1	-131503
0.105	-138013
0.11	-144476
0.115	-150870
0.12	-157166
0.125	-163326
0.13	-169303
0.135	-175045
0.14	-180490
0.145	-185573
0.15	-190227
0.155	-194383
0.16	-197976
0.165	-200947
0.17	-203246
0.175	-204833
0.18	-205680
0.185	-205772
0.19	-205110
0.195	-203706
0.2	-201587
0.205	-198789
0.21	-195360
0.215	-191354
0.22	-186831
0.225	-181852
0.23	-176481
0.235	-170778
0.24	-164803
0.245	-158609
0.25	-152247
0.255	-145764
0.26	-139201
0.265	-132598
0.27	-125992
0.275	-119419
0.28	-112912
0.285	-106506
0.29	-100238
0.295	-94141
0.3	-88254
0.305	-82612
0.31	-77254
0.315	-72216
0.32	-67535
0.325	-63245
0.33	-59382
0.335	-55974
0.34	-53050
0.345	-50634
0.35	-48746
0.355	-47401
0.36	-46608
0.365	-46373
0.37	-46695
0.375	-47568
0.38	-48981
0.385	-50916
0.39	-53353
0.395	-56266
0.4	-59626
0.405	-63401
0.41	-67555
0.415	-72053
0.42	-76855
0.425	-81923
0.43	-87216
0.435	-92696
0.44	-98322
0.445	-104055
0.45	-109855
0.455	-115684
0.46	-121502
0.465	-127272
0.47	-132955
0.475	-138513
0.48	-143909
0.485	-149104
0.49	-154063
0.495	-158750
0.5	-163131
0.505	-167173
0.51	-170845
0.515	-174121
0.52	-176975
0.525	-179386
0.53	-181337
0.535	-182814
0.54	-183810
0.545	-184318
0.55	-184340
0.555	-183879
0.56	-182944
0.565	-181548
0.57	-179708
0.575	-177443
0.58	-174776
0.585	-171733
0.59	-168341
0.595	-164630
0.6	-160632
0.605	-156379
0.61	-151904
0.615	-147242
0.62	-142427
0.625	-137495
0.63	-132480
0.635	-127417
0.64	-122342
0.645	-117290
0.65	-112294
0.655	-107390
0.66	-102611
0.665	-97989
0.67	-93557
0.675	-89345
0.68	-85382
0.685	-81698
0.69	-78317
0.695	-75264
0.7	-72560
0.705	-70225
0.71	-68274
0.715	-66720
0.72	-65574
0.725	-64842
0.73	-64527
0.735	-64630
0.74	-65146
0.745	-66069
0.75	-67389
0.755	-69091
0.76	-71161
0.765	-73580
0.77	-76325
0.775	-79373
0.78	-82698
0.785	-86274
0.79	-90071
0.795	-94059
0.8	-98208
0.805	-102485
0.81	-106859
0.815	-111297
0.82	-115766
0.825	-120235
0.83	-124671
0.835	-129043
0.84	-133321
0.845	-137475
0.85	-141476
0.855	-145297
0.86	-148911
0.865	-152294
0.87	-155424
0.875	-158280
0.88	-160841
0.885	-163093
0.89	-165021
0.895	-166612
0.9	-167856
0.905	-168748
0.91	-169282
0.915	-169458
0.92	-169275
0.925	-168739
0.93	-167854
0.935	-166631
0.94	-165081
0.945	-163217
0.95	-161056
0.955	-158617
0.96	-155918
0.965	-152984
0.97	-149836
0.975	-146501
0.98	-143004
0.985	-139373
0.99	-135634
0.995	-131818
1	-127952
1.005	-124066
1.01	-120188
1.015	-116346
1.02	-112568
1.025	-108882
1.03	-105313
1.035	-101887
1.04	-98628
1.045	-95558
1.05	-92698
1.055	-90068
1.06	-87684
1.065	-85564
1.07	-83719
1.075	-82162
1.08	-80903
1.085	-79947
1.09	-79300
1.095	-78965
1.1	-78942
1.105	-79229
1.11	-79821
1.115	-80712
1.12	-81894
1.125	-83356
1.13	-85086
1.135	-87068
1.14	-89286
1.145	-91724
1.15	-94361
1.155	-97176
1.16	-100149
1.165	-103255
1.17	-106472
1.175	-109775
1.18	-113140
1.185	-116541
1.19	-119953
1.195	-123352
1.2	-126712
1.205	-130010
1.21	-133222
1.215	-136324
1.22	-139296
1.225	-142117
1.23	-144767
1.235	-147227
1.24	-149483
1.245	-151518
1.25	-153320
1.255	-154877
1.26	-156180
1.265	-157222
1.27	-157996
1.275	-158500
1.28	-158732
1.285	-158691
1.29	-158382
1.295	-157808
1.3	-156976
1.305	-155894
1.31	-154571
1.315	-153020
1.32	-151253
1.325	-149285
1.33	-147133
1.335	-144814
1.34	-142345
1.345	-139746
1.35	-137038
1.355	-134241
1.36	-131375
1.365	-128464
1.37	-125528
1.375	-122589
1.38	-119669
1.385	-116789
1.39	-113971
1.395	-111233
1.4	-108597
1.405	-106080
1.41	-103700
1.415	-101474
1.42	-99416
1.425	-97542
1.43	-95863
1.435	-94391
1.44	-93134
1.445	-92101
1.45	-91298
1.455	-90728
1.46	-90395
1.465	-90300
1.47	-90440
1.475	-90815
1.48	-91418
1.485	-92245
1.49	-93287
1.495	-94537
1.5	-95982
1.505	-97610
1.51	-99410
1.515	-101366
1.52	-103464
1.525	-105686
1.53	-108015
1.535	-110435
1.54	-112926
1.545	-115470
1.55	-118049
1.555	-120642
1.56	-123232
1.565	-125800
1.57	-128326
1.575	-130793
1.58	-133184
1.585	-135482
1.59	-137670
1.595	-139734
1.6	-141660
1.605	-143435
1.61	-145047
1.615	-146485
1.62	-147742
1.625	-148808
1.63	-149678
1.635	-150347
1.64	-150812
1.645	-151070
1.65	-151123
1.655	-150970
1.66	-150615
1.665	-150063
1.67	-149318
1.675	-148388
1.68	-147281
1.685	-146007
1.69	-144577
1.695	-143001
1.7	-141294
1.705	-139468
1.71	-137539
1.715	-135520
1.72	-133429
1.725	-131280
1.73	-129090
1.735	-126876
1.74	-124654
1.745	-122441
1.75	-120252
1.755	-118105
1.76	-116014
1.765	-113994
1.77	-112061
1.775	-110227
1.78	-108505
1.785	-106908
1.79	-105446
1.795	-104129
1.8	-102966
1.805	-101964
1.81	-101129
1.815	-100467
1.82	-99982
1.825	-99674
1.83	-99547
1.835	-99599
1.84	-99828
1.845	-100233
1.85	-100808
1.855	-101549
1.86	-102449
1.865	-103500
1.87	-104693
1.875	-106020
1.88	-107470
1.885	-109030
1.89	-110689
1.895	-112435
1.9	-114253
1.905	-116131
1.91	-118055
1.915	-120009
1.92	-121980
1.925	-123953
1.93	-125914
1.935	-127849
1.94	-129744
1.945	-131585
1.95	-133360
1.955	-135057
1.96	-136664
1.965	-138169
1.97	-139563
1.975	-140836
1.98	-141981
1.985	-142990
1.99	-143856
1.995	-144575
2	-145144
2.005	-145558
2.01	-145816
2.015	-145918
2.02	-145864
2.025	-145656
2.03	-145297
2.035	-144791
2.04	-144143
2.045	-143358
2.05	-142445
2.055	-141410
2.06	-140262
2.065	-139011
2.07	-137667
2.075	-136240
2.08	-134743
2.085	-133185
2.09	-131581
2.095	-129941
2.1	-128278
2.105	-126605
2.11	-124935
2.115	-123279
2.12	-121650
2.125	-120059
2.13	-118519
2.135	-117041
2.14	-115634
2.145	-114309
2.15	-113076
2.155	-111942
2.16	-110915
2.165	-110003
2.17	-109210
2.175	-108544
2.18	-108006
2.185	-107601
2.19	-107331
2.195	-107197
2.2	-107199
2.205	-107336
2.21	-107606
2.215	-108007
2.22	-108535
2.225	-109184
2.23	-109951
2.235	-110827
2.24	-111807
2.245	-112882
2.25	-114045
2.255	-115285
2.26	-116594
2.265	-117962
2.27	-119378
2.275	-120832
2.28	-122313
2.285	-123811
2.29	-125313
2.295	-126810
2.3	-128291
2.305	-129745
2.31	-131162
2.315	-132532
2.32	-133846
2.325	-135094
2.33	-136269
2.335	-137361
2.34	-138365
2.345	-139273
2.35	-140080
2.355	-140782
2.36	-141372
2.365	-141850
2.37	-142211
2.375	-142455
2.38	-142581
2.385	-142588
2.39	-142479
2.395	-142254
2.4	-141918
2.405	-141472
2.41	-140921
2.415	-140271
2.42	-139528
2.425	-138696
2.43	-137785
2.435	-136800
2.44	-135750
2.445	-134643
2.45	-133489
2.455	-132295
2.46	-131072
2.465	-129829
2.47	-128575
2.475	-127319
2.48	-126071
2.485	-124841
2.49	-123637
2.495	-122469
2.5	-121344
2.505	-120271
2.51	-119258
2.515	-118311
2.52	-117438
2.525	-116644
2.53	-115935
2.535	-115315
2.54	-114789
2.545	-114360
2.55	-114031
2.555	-113803
2.56	-113677
2.565	-113655
2.57	-113735
2.575	-113916
2.58	-114197
2.585	-114574
2.59	-115046
2.595	-115606
2.6	-116252
2.605	-116978
2.61	-117777
2.615	-118645
2.62	-119574
2.625	-120557
2.63	-121587
2.635	-122656
2.64	-123756
2.645	-124879
2.65	-126018
2.655	-127163
2.66	-128306
2.665	-129439
2.67	-130555
2.675	-131646
2.68	-132703
2.685	-133720
2.69	-134689
2.695	-135605
2.7	-136461
2.705	-137251
2.71	-137970
2.715	-138615
2.72	-139180
2.725	-139663
2.73	-140061
2.735	-140372
2.74	-140594
2.745	-140727
2.75	-140771
2.755	-140726
2.76	-140594
2.765	-140376
2.77	-140074
2.775	-139693
2.78	-139235
2.785	-138705
2.79	-138107
2.795	-137447
2.8	-136730
2.805	-135961
2.81	-135148
2.815	-134296
2.82	-133413
2.825	-132506
2.83	-131580
2.835	-130645
2.84	-129706
2.845	-128771
2.85	-127847
2.855	-126941
2.86	-126059
2.865	-125209
2.87	-124395
2.875	-123625
2.88	-122904
2.885	-122237
2.89	-121628
2.895	-121082
2.9	-120603
2.905	-120194
2.91	-119857
2.915	-119595
2.92	-119409
2.925	-119300
2.93	-119269
2.935	-119316
2.94	-119439
2.945	-119638
2.95	-119911
2.955	-120255
2.96	-120668
2.965	-121146
2.97	-121686
2.975	-122283
2.98	-122933
2.985	-123631
2.99	-124371
2.995	-125149
3	-125957
3.005	-126791
3.01	-127645
3.015	-128511
3.02	-129385
3.025	-130259
3.03	-131128
3.035	-131985
3.04	-132825
3.045	-133641
3.05	-134428
3.055	-135182
3.06	-135896
3.065	-136566
3.07	-137188
3.075	-137758
3.08	-138272
3.085	-138727
3.09	-139121
3.095	-139451
3.1	-139716
3.105	-139914
3.11	-140045
3.115	-140109
3.12	-140105
3.125	-140036
3.13	-139901
3.135	-139702
3.14	-139443
3.145	-139125
3.15	-138751
3.155	-138325
3.16	-137851
3.165	-137333
3.17	-136774
3.175	-136181
3.18	-135557
3.185	-134908
3.19	-134238
3.195	-133554
3.2	-132861
3.205	-132163
3.21	-131467
3.215	-130777
3.22	-130100
3.225	-129439
3.23	-128801
3.235	-128189
3.24	-127609
3.245	-127064
3.25	-126559
3.255	-126097
3.26	-125682
3.265	-125316
3.27	-125002
3.275	-124742
3.28	-124539
3.285	-124392
3.29	-124304
3.295	-124274
3.3	-124303
3.305	-124389
3.31	-124534
3.315	-124734
3.32	-124989
3.325	-125296
3.33	-125653
3.335	-126058
3.34	-126507
3.345	-126996
3.35	-127523
3.355	-128083
3.36	-128672
3.365	-129286
3.37	-129921
3.375	-130571
3.38	-131233
3.385	-131901
3.39	-132572
3.395	-133239
3.4	-133899
3.405	-134547
3.41	-135179
3.415	-135790
3.42	-136376
3.425	-136934
3.43	-137460
3.435	-137950
3.44	-138402
3.445	-138813
3.45	-139180
3.455	-139501
3.46	-139775
3.465	-139999
3.47	-140174
3.475	-140298
3.48	-140371
3.485	-140394
3.49	-140366
3.495	-140290
3.5	-140164
3.505	-139993
3.51	-139776
3.515	-139517
3.52	-139218
3.525	-138882
3.53	-138512
3.535	-138110
3.54	-137681
3.545	-137228
3.55	-136755
3.555	-136266
3.56	-135764
3.565	-135254
3.57	-134740
3.575	-134226
3.58	-133716
3.585	-133214
3.59	-132724
3.595	-132249
3.6	-131793
3.605	-131361
3.61	-130954
3.615	-130576
3.62	-130230
3.625	-129918
3.63	-129643
3.635	-129407
3.64	-129211
3.645	-129058
3.65	-128946
3.655	-128879
3.66	-128856
3.665	-128876
3.67	-128941
3.675	-129049
3.68	-129200
3.685	-129392
3.69	-129624
3.695	-129895
3.7	-130201
3.705	-130541
3.71	-130913
3.715	-131314
3.72	-131741
3.725	-132190
3.73	-132659
3.735	-133144
3.74	-133643
3.745	-134150
3.75	-134664
3.755	-135180
3.76	-135695
3.765	-136205
3.77	-136707
3.775	-137198
3.78	-137674
3.785	-138132
3.79	-138569
3.795	-138984
3.8	-139372
3.805	-139731
3.81	-140061
3.815	-140357
3.82	-140620
3.825	-140847
3.83	-141038
3.835	-141191
3.84	-141306
3.845	-141383
3.85	-141422
3.855	-141423
3.86	-141386
3.865	-141313
3.87	-141205
3.875	-141062
3.88	-140887
3.885	-140682
3.89	-140447
3.895	-140187
3.9	-139902
3.905	-139596
3.91	-139272
3.915	-138931
3.92	-138578
3.925	-138214
3.93	-137843
3.935	-137469
3.94	-137094
3.945	-136721
3.95	-136353
3.955	-135993
3.96	-135644
3.965	-135309
3.97	-134991
3.975	-134691
3.98	-134413
3.985	-134158
3.99	-133929
3.995	-133726
4	-133553
4.005	-133409
4.01	-133297
4.015	-133217
4.02	-133170
4.025	-133155
4.03	-133174
4.035	-133227
4.04	-133312
4.045	-133429
4.05	-133577
4.055	-133756
4.06	-133964
4.065	-134200
4.07	-134461
4.075	-134747
4.08	-135055
4.085	-135383
4.09	-135729
4.095	-136090
4.1	-136464
4.105	-136848
4.11	-137241
4.115	-137638
4.12	-138038
4.125	-138437
4.13	-138834
4.135	-139225
4.14	-139608
4.145	-139981
4.15	-140342
4.155	-140687
4.16	-141015
4.165	-141324
4.17	-141612
4.175	-141877
4.18	-142118
4.185	-142334
4.19	-142524
4.195	-142686
4.2	-142821
4.205	-142926
4.21	-143004
4.215	-143052
4.22	-143072
4.225	-143063
4.23	-143027
4.235	-142964
4.24	-142876
4.245	-142762
4.25	-142626
4.255	-142467
4.26	-142288
4.265	-142091
4.27	-141877
4.275	-141648
4.28	-141407
4.285	-141156
4.29	-140897
4.295	-140631
4.3	-140363
4.305	-140093
4.31	-139824
4.315	-139559
4.32	-139299
4.325	-139047
4.33	-138805
4.335	-138575
4.34	-138359
4.345	-138158
4.35	-137975
4.355	-137810
4.36	-137665
4.365	-137542
4.37	-137441
4.375	-137363
4.38	-137310
4.385	-137281
4.39	-137276
4.395	-137297
4.4	-137343
4.405	-137413
4.41	-137508
4.415	-137626
4.42	-137768
4.425	-137931
4.43	-138116
4.435	-138321
4.44	-138544
4.445	-138784
4.45	-139039
4.455	-139308
4.46	-139589
4.465	-139881
4.47	-140180
4.475	-140486
4.48	-140796
4.485	-141109
4.49	-141422
4.495	-141733
4.5	-142040
4.505	-142343
4.51	-142637
4.515	-142923
4.52	-143197
4.525	-143459
4.53	-143707
4.535	-143940
4.54	-144156
4.545	-144354
4.55	-144534
4.555	-144693
4.56	-144833
4.565	-144951
4.57	-145048
4.575	-145124
4.58	-145178
4.585	-145210
4.59	-145222
4.595	-145212
4.6	-145182
4.605	-145133
4.61	-145065
4.615	-144979
4.62	-144876
4.625	-144758
4.63	-144626
4.635	-144481
4.64	-144324
4.645	-144158
4.65	-143984
4.655	-143804
4.66	-143618
4.665	-143430
4.67	-143241
4.675	-143052
4.68	-142865
4.685	-142682
4.69	-142504
4.695	-142334
4.7	-142172
4.705	-142020
4.71	-141879
4.715	-141752
4.72	-141638
4.725	-141539
4.73	-141456
4.735	-141389
4.74	-141340
4.745	-141309
4.75	-141296
4.755	-141302
4.76	-141326
4.765	-141369
4.77	-141431
4.775	-141511
4.78	-141609
4.785	-141725
4.79	-141857
4.795	-142005
4.8	-142168
4.805	-142346
4.81	-142536
4.815	-142738
4.82	-142951
4.825	-143174
4.83	-143404
4.835	-143640
4.84	-143882
4.845	-144127
4.85	-144375
4.855	-144622
4.86	-144869
4.865	-145114
4.87	-145355
4.875	-145590
4.88	-145819
4.885	-146040
4.89	-146252
4.895	-146454
4.9	-146644
4.905	-146822
4.91	-146987
4.915	-147138
4.92	-147274
4.925	-147395
4.93	-147501
4.935	-147590
4.94	-147664
4.945	-147721
4.95	-147762
4.955	-147787
4.96	-147797
4.965	-147791
4.97	-147770
4.975	-147736
4.98	-147687
4.985	-147626
4.99	-147554
4.995	-147470
5	-147377
5.005	-147275
5.01	-147165
5.015	-147049
5.02	-146928
5.025	-146803
5.03	-146676
5.035	-146548
5.04	-146419
5.045	-146292
5.05	-146168
5.055	-146047
5.06	-145932
5.065	-145823
5.07	-145721
5.075	-145627
5.08	-145543
5.085	-145469
5.09	-145406
5.095	-145355
5.1	-145316
5.105	-145291
5.11	-145278
5.115	-145279
5.12	-145294
5.125	-145323
5.13	-145367
5.135	-145424
5.14	-145495
5.145	-145579
5.15	-145677
5.155	-145787
5.16	-145910
5.165	-146044
5.17	-146188
5.175	-146343
5.18	-146507
5.185	-146679
5.19	-146858
5.195	-147043
5.2	-147233
5.205	-147428
5.21	-147625
5.215	-147824
5.22	-148024
5.225	-148223
5.23	-148420
5.235	-148615
5.24	-148806
5.245	-148993
5.25	-149173
5.255	-149347
5.26	-149514
5.265	-149672
5.27	-149821
5.275	-149960
5.28	-150088
5.285	-150206
5.29	-150313
5.295	-150407
5.3	-150490
5.305	-150561
5.31	-150620
5.315	-150666
5.32	-150701
5.325	-150724
5.33	-150735
5.335	-150735
5.34	-150724
5.345	-150703
5.35	-150673
5.355	-150634
5.36	-150586
5.365	-150531
5.37	-150469
5.375	-150402
5.38	-150330
5.385	-150254
5.39	-150175
5.395	-150094
5.4	-150012
5.405	-149929
5.41	-149848
5.415	-149769
5.42	-149692
5.425	-149619
5.43	-149551
5.435	-149488
5.44	-149432
5.445	-149382
5.45	-149340
5.455	-149306
5.46	-149281
5.465	-149265
5.47	-149259
5.475	-149263
5.48	-149277
5.485	-149302
5.49	-149337
5.495	-149382
5.5	-149439
5.505	-149505
5.51	-149582
5.515	-149669
5.52	-149765
5.525	-149870
5.53	-149984
5.535	-150106
5.54	-150236
5.545	-150372
5.55	-150515
5.555	-150663
5.56	-150816
5.565	-150973
5.57	-151133
5.575	-151295
5.58	-151458
5.585	-151622
5.59	-151786
5.595	-151949
5.6	-152110
5.605	-152268
5.61	-152423
5.615	-152573
5.62	-152719
5.625	-152858
5.63	-152992
5.635	-153119
5.64	-153239
5.645	-153351
5.65	-153455
5.655	-153551
5.66	-153638
5.665	-153716
5.67	-153785
5.675	-153845
5.68	-153896
5.685	-153937
5.69	-153970
5.695	-153995
5.7	-154011
5.705	-154018
5.71	-154018
5.715	-154011
5.72	-153997
5.725	-153977
5.73	-153950
5.735	-153919
5.74	-153884
5.745	-153844
5.75	-153802
5.755	-153757
5.76	-153711
5.765	-153664
5.77	-153617
5.775	-153570
5.78	-153525
5.785	-153482
5.79	-153441
5.795	-153404
5.8	-153370
5.805	-153342
5.81	-153318
5.815	-153300
5.82	-153288
5.825	-153283
5.83	-153284
5.835	-153293
5.84	-153309
5.845	-153333
5.85	-153364
5.855	-153403
5.86	-153451
5.865	-153506
5.87	-153569
5.875	-153640
5.88	-153718
5.885	-153803
5.89	-153896
5.895	-153995
5.9	-154100
5.905	-154210
5.91	-154327
5.915	-154447
5.92	-154573
5.925	-154701
5.93	-154833
5.935	-154967
5.94	-155103
5.945	-155241
5.95	-155378
5.955	-155516
5.96	-155653
5.965	-155789
5.97	-155923
5.975	-156054
5.98	-156182
5.985	-156307
5.99	-156427
5.995	-156543
6	-156654
6.005	-156760
6.01	-156859
6.015	-156953
6.02	-157041
6.025	-157122
6.03	-157196
6.035	-157264
6.04	-157325
6.045	-157379
6.05	-157427
6.055	-157468
6.06	-157502
6.065	-157530
6.07	-157552
6.075	-157568
6.08	-157578
6.085	-157584
6.09	-157585
6.095	-157581
6.1	-157574
6.105	-157563
6.11	-157549
6.115	-157533
6.12	-157516
6.125	-157496
6.13	-157477
6.135	-157457
6.14	-157437
6.145	-157418
6.15	-157401
6.155	-157385
6.16	-157372
6.165	-157362
6.17	-157355
6.175	-157352
6.18	-157353
6.185	-157359
6.19	-157369
6.195	-157385
6.2	-157406
6.205	-157432
6.21	-157464
6.215	-157502
6.22	-157546
6.225	-157596
6.23	-157652
6.235	-157714
6.24	-157781
6.245	-157854
6.25	-157933
6.255	-158016
6.26	-158105
6.265	-158198
6.27	-158296
6.275	-158397
6.28	-158502
6.285	-158611
6.29	-158722
6.295	-158835
6.3	-158951
6.305	-159068
6.31	-159186
6.315	-159304
6.32	-159422
6.325	-159540
6.33	-159657
6.335	-159772
6.34	-159886
6.345	-159998
6.35	-160107
6.355	-160213
6.36	-160315
6.365	-160414
6.37	-160509
6.375	-160600
6.38	-160686
6.385	-160768
6.39	-160845
6.395	-160917
6.4	-160984
6.405	-161046
6.41	-161102
6.415	-161154
6.42	-161201
6.425	-161243
6.43	-161280
6.435	-161313
6.44	-161341
6.445	-161365
6.45	-161385
6.455	-161402
6.46	-161415
6.465	-161426
6.47	-161434
6.475	-161439
6.48	-161443
6.485	-161446
6.49	-161447
6.495	-161448
6.5	-161449
6.505	-161450
6.51	-161451
6.515	-161454
6.52	-161457
6.525	-161463
6.53	-161471
6.535	-161481
6.54	-161494
6.545	-161510
6.55	-161530
6.555	-161553
6.56	-161579
6.565	-161610
6.57	-161645
6.575	-161684
6.58	-161728
6.585	-161776
6.59	-161828
6.595	-161885
6.6	-161946
6.605	-162012
6.61	-162082
6.615	-162155
6.62	-162233
6.625	-162315
6.63	-162399
6.635	-162488
6.64	-162579
6.645	-162673
6.65	-162769
6.655	-162867
6.66	-162968
6.665	-163069
6.67	-163172
6.675	-163276
6.68	-163380
6.685	-163483
6.69	-163587
6.695	-163690
6.7	-163792
6.705	-163893
6.71	-163992
6.715	-164089
6.72	-164184
6.725	-164277
6.73	-164367
6.735	-164454
6.74	-164538
6.745	-164618
6.75	-164695
6.755	-164769
6.76	-164839
6.765	-164905
6.77	-164968
6.775	-165027
6.78	-165082
6.785	-165133
6.79	-165180
6.795	-165225
6.8	-165265
6.805	-165303
6.81	-165337
6.815	-165369
6.82	-165398
6.825	-165424
6.83	-165449
6.835	-165471
6.84	-165492
6.845	-165511
6.85	-165530
6.855	-165547
6.86	-165564
6.865	-165581
6.87	-165599
6.875	-165616
6.88	-165634
6.885	-165654
6.89	-165674
6.895	-165696
6.9	-165720
6.905	-165746
6.91	-165775
6.915	-165805
6.92	-165839
6.925	-165875
6.93	-165914
6.935	-165956
6.94	-166001
6.945	-166050
6.95	-166102
6.955	-166157
6.96	-166215
6.965	-166277
6.97	-166342
6.975	-166410
6.98	-166481
6.985	-166555
6.99	-166631
6.995	-166711
7	-166792
7.005	-166877
7.01	-166963
7.015	-167051
7.02	-167140
7.025	-167231
7.03	-167323
7.035	-167416
7.04	-167510
7.045	-167604
7.05	-167698
7.055	-167791
7.06	-167885
7.065	-167977
7.07	-168069
7.075	-168159
7.08	-168249
7.085	-168336
7.09	-168422
7.095	-168506
7.1	-168587
7.105	-168666
7.11	-168743
7.115	-168818
7.12	-168890
7.125	-168959
7.13	-169025
7.135	-169089
7.14	-169149
7.145	-169208
7.15	-169263
7.155	-169316
7.16	-169366
7.165	-169413
7.17	-169458
7.175	-169501
7.18	-169542
7.185	-169580
7.19	-169617
7.195	-169653
7.2	-169686
7.205	-169719
7.21	-169751
7.215	-169781
7.22	-169812
7.225	-169842
7.23	-169871
7.235	-169901
7.24	-169931
7.245	-169962
7.25	-169993
7.255	-170026
7.26	-170059
7.265	-170094
7.27	-170130
7.275	-170168
7.28	-170208
7.285	-170249
7.29	-170293
7.295	-170339
7.3	-170387
7.305	-170438
7.31	-170491
7.315	-170546
7.32	-170604
7.325	-170664
7.33	-170726
7.335	-170791
7.34	-170858
7.345	-170928
7.35	-170999
7.355	-171073
7.36	-171149
7.365	-171226
7.37	-171306
7.375	-171386
7.38	-171469
7.385	-171552
7.39	-171637
7.395	-171722
7.4	-171808
7.405	-171894
7.41	-171981
7.415	-172068
7.42	-172155
7.425	-172242
7.43	-172328
7.435	-172413
7.44	-172497
7.445	-172581
7.45	-172663
7.455	-172744
7.46	-172824
7.465	-172902
7.47	-172979
7.475	-173053
7.48	-173126
7.485	-173197
7.49	-173266
7.495	-173333
7.5	-173398
7.505	-173460
7.51	-173521
7.515	-173580
7.52	-173637
7.525	-173692
7.53	-173744
7.535	-173796
7.54	-173845
7.545	-173893
7.55	-173939
7.555	-173984
7.56	-174028
7.565	-174070
7.57	-174112
7.575	-174153
7.58	-174193
7.585	-174232
7.59	-174272
7.595	-174311
7.6	-174350
7.605	-174390
7.61	-174430
7.615	-174470
7.62	-174511
7.625	-174553
7.63	-174596
7.635	-174640
7.64	-174685
7.645	-174731
7.65	-174779
7.655	-174829
7.66	-174880
7.665	-174933
7.67	-174987
7.675	-175044
7.68	-175102
7.685	-175162
7.69	-175224
7.695	-175288
7.7	-175353
7.705	-175421
7.71	-175490
7.715	-175560
7.72	-175633
7.725	-175707
7.73	-175782
7.735	-175858
7.74	-175936
7.745	-176015
7.75	-176094
7.755	-176175
7.76	-176256
7.765	-176338
7.77	-176420
7.775	-176502
7.78	-176584
7.785	-176667
7.79	-176749
7.795	-176831
7.8	-176912
7.805	-176992
7.81	-177072
7.815	-177151
7.82	-177229
7.825	-177306
7.83	-177382
7.835	-177456
7.84	-177530
7.845	-177601
7.85	-177672
7.855	-177740
7.86	-177808
7.865	-177873
7.87	-177938
7.875	-178000
7.88	-178061
7.885	-178121
7.89	-178179
7.895	-178236
7.9	-178291
7.905	-178345
7.91	-178398
7.915	-178450
7.92	-178501
7.925	-178550
7.93	-178599
7.935	-178647
7.94	-178695
7.945	-178742
7.95	-178789
7.955	-178836
7.96	-178882
7.965	-178929
7.97	-178975
7.975	-179022
7.98	-179070
7.985	-179117
7.99	-179166
7.995	-179215
8	-179265
