!x	fA	fB	fC	fD	A	B	C	D
0.008333333	0.012873136	0.388961781	0.576649612	0.231280512	0.01276	0.38976	0.5777	0.23108
0.016666667	0.012913138	0.387580322	0.57765365	0.23133917	0.01281	0.38836	0.57857	0.23115
0.025	0.012953196	0.386192961	0.578656169	0.23139833	0.01286	0.38695	0.57945	0.23122
0.033333334	0.012993306	0.384799632	0.579657255	0.231458007	0.01291	0.38554	0.58033	0.2313
0.041666668	0.013033466	0.383400265	0.580656993	0.231518212	0.01296	0.38412	0.58122	0.23137
0.050000003	0.013073674	0.381994787	0.581655472	0.23157896	0.01301	0.38269	0.58211	0.23144
0.05833334	0.013113925	0.380583127	0.582652785	0.231640263	0.01306	0.38125	0.58301	0.23152
0.066666681	0.013154216	0.379165207	0.583649027	0.231702135	0.01311	0.37981	0.58391	0.23159
0.07500003	0.013194544	0.37774095	0.584644299	0.231764591	0.01315	0.37836	0.58481	0.23166
0.083333389	0.013234904	0.376310275	0.585638702	0.231827644	0.0132	0.3769	0.58572	0.23174
0.091666766	0.013275293	0.374873102	0.586632343	0.231891308	0.01325	0.37544	0.58664	0.23181
0.100000167	0.013315706	0.373429343	0.587625332	0.231955598	0.0133	0.37397	0.58756	0.23189
0.108333603	0.013356138	0.371978912	0.588617784	0.232020528	0.01334	0.37249	0.58848	0.23196
0.116667087	0.013396584	0.370521718	0.589609815	0.232086113	0.01339	0.371	0.58941	0.23204
0.125000636	0.013437039	0.369057669	0.59060155	0.232152368	0.01344	0.36951	0.59035	0.23212
0.13333427	0.013477497	0.367586668	0.591593114	0.232219307	0.01348	0.36801	0.59129	0.23219
0.141668014	0.013517951	0.366108616	0.592584638	0.232286947	0.01353	0.3665	0.59223	0.23227
0.150001899	0.013558396	0.36462341	0.593576258	0.232355302	0.01358	0.36498	0.59318	0.23235
0.15833596	0.013598824	0.363130946	0.594568116	0.232424387	0.01362	0.36345	0.59414	0.23243
0.166670239	0.013639229	0.361631113	0.595560356	0.232494218	0.01367	0.36192	0.5951	0.23251
0.175004788	0.013679602	0.360123799	0.59655313	0.232564811	0.01371	0.36038	0.59606	0.23259
0.183339663	0.013719935	0.358608888	0.597546592	0.232636181	0.01375	0.35883	0.59703	0.23267
0.191674932	0.013760221	0.357086257	0.598540906	0.232708344	0.0138	0.35727	0.59801	0.23275
0.20001067	0.013800449	0.355555783	0.599536238	0.232781316	0.01384	0.3557	0.59899	0.23283
0.208346966	0.01384061	0.354017337	0.60053276	0.232855112	0.01388	0.35413	0.59998	0.23291
0.216683917	0.013880694	0.352470783	0.601530652	0.232929749	0.01393	0.35254	0.60097	0.23299
0.225021637	0.01392069	0.350915984	0.602530099	0.233005242	0.01397	0.35095	0.60197	0.23307
0.233360249	0.013960587	0.349352795	0.603531292	0.233081606	0.01401	0.34934	0.60298	0.23316
0.241699895	0.014000374	0.347781068	0.60453443	0.233158859	0.01405	0.34773	0.60399	0.23324
0.25004073	0.014040037	0.346200649	0.605539715	0.233237016	0.01409	0.34611	0.60501	0.23333
0.258382928	0.014079564	0.344611376	0.606547361	0.233316092	0.01413	0.34448	0.60603	0.23341
0.26672668	0.014118941	0.343013085	0.607557584	0.233396103	0.01417	0.34284	0.60706	0.2335
0.275072199	0.014158152	0.341405602	0.608570611	0.233477066	0.01421	0.3412	0.6081	0.23358
0.283419716	0.014197184	0.339788749	0.609586675	0.233558995	0.01425	0.33954	0.60914	0.23367
0.291769489	0.01423602	0.338162341	0.610606016	0.233641906	0.01429	0.33787	0.61019	0.23376
0.300121796	0.014274643	0.336526185	0.611628882	0.233725814	0.01433	0.33619	0.61124	0.23384
0.308476943	0.014313036	0.334880081	0.61265553	0.233810735	0.01436	0.33451	0.6123	0.23393
0.316835264	0.014351179	0.333223821	0.613686223	0.233896683	0.0144	0.33281	0.61337	0.23402
0.325197119	0.014389055	0.331557191	0.614721233	0.233983674	0.01444	0.3311	0.61444	0.23411
0.333562903	0.014426643	0.329879965	0.615760843	0.234071723	0.01447	0.32939	0.61552	0.2342
0.341933043	0.014463921	0.328191913	0.61680534	0.234160843	0.01451	0.32766	0.61661	0.23429
0.350307999	0.014500868	0.326492791	0.617855024	0.234251049	0.01454	0.32593	0.6177	0.23438
0.358688271	0.014537461	0.324782349	0.618910202	0.234342356	0.01458	0.32418	0.6188	0.23447
0.367074397	0.014573676	0.323060326	0.619971189	0.234434777	0.01461	0.32242	0.61991	0.23457
0.375466959	0.014609487	0.321326451	0.621038311	0.234528326	0.01464	0.32066	0.62102	0.23466
0.383866583	0.014644869	0.319580441	0.622111904	0.234623016	0.01468	0.31888	0.62214	0.23475
0.392273942	0.014679794	0.317822004	0.623192313	0.234718861	0.01471	0.31709	0.62327	0.23485
0.40068976	0.014714235	0.316050833	0.624279891	0.234815873	0.01474	0.31529	0.6244	0.23494
0.409114817	0.014748161	0.314266611	0.625375005	0.234914066	0.01477	0.31348	0.62555	0.23504
0.417549949	0.014781544	0.312469008	0.626478028	0.23501345	0.0148	0.31166	0.6267	0.23514
0.425996052	0.01481435	0.310657678	0.627589348	0.23511404	0.01483	0.30983	0.62785	0.23523
0.434454092	0.014846548	0.308832264	0.62870936	0.235215847	0.01486	0.30798	0.62902	0.23533
0.442925101	0.014878103	0.306992391	0.629838472	0.235318882	0.01488	0.30612	0.63019	0.23543
0.451410188	0.01490898	0.305137669	0.630977103	0.235423157	0.01491	0.30426	0.63137	0.23553
0.459910541	0.014939143	0.303267691	0.632125684	0.235528683	0.01494	0.30238	0.63256	0.23563
0.468427437	0.014968556	0.301382032	0.633284656	0.235635472	0.01496	0.30048	0.63375	0.23573
0.476962243	0.014997178	0.299480248	0.634454476	0.235743534	0.01499	0.29858	0.63496	0.23583
0.485516427	0.01502497	0.297561875	0.63563561	0.235852881	0.01501	0.29666	0.63617	0.23594
0.494091564	0.015051892	0.295626427	0.63682854	0.235963523	0.01503	0.29473	0.63739	0.23604
0.502689347	0.015077901	0.293673395	0.63803376	0.236075471	0.01505	0.29279	0.63862	0.23614
0.511311593	0.015102954	0.291702245	0.63925178	0.236188737	0.01508	0.29083	0.63986	0.23625
0.519960258	0.015127006	0.289712418	0.640483123	0.236303332	0.0151	0.28886	0.64111	0.23636
0.528637444	0.015150011	0.287703323	0.64172833	0.236419266	0.01512	0.28687	0.64237	0.23646
0.537345418	0.015171924	0.285674341	0.642987958	0.236536552	0.01514	0.28487	0.64364	0.23657
0.546086623	0.015192696	0.283624817	0.644262582	0.236655202	0.01515	0.28285	0.64492	0.23668
0.554863698	0.015212279	0.281554063	0.645552796	0.236775229	0.01517	0.28082	0.64621	0.23679
0.563679496	0.015230621	0.279461345	0.646859215	0.236896647	0.01519	0.27877	0.64751	0.2369
0.572537106	0.015247674	0.277345891	0.648182476	0.237019471	0.0152	0.2767	0.64882	0.23701
0.581439878	0.015263383	0.275206876	0.649523244	0.237143716	0.01522	0.27461	0.65014	0.23712
0.590391455	0.015277698	0.273043424	0.650882206	0.237269399	0.01523	0.27251	0.65148	0.23724
0.599395802	0.015290562	0.270854597	0.652260082	0.237396541	0.01524	0.27038	0.65283	0.23735
0.60845725	0.015301922	0.268639392	0.653657627	0.237525163	0.01525	0.26824	0.65419	0.23747
0.617580535	0.015311722	0.266396731	0.655075632	0.237655288	0.01526	0.26607	0.65557	0.23759
0.626770857	0.015319903	0.26412545	0.65651493	0.237786945	0.01527	0.26388	0.65696	0.23771
0.636033937	0.015326408	0.26182429	0.657976407	0.237920162	0.01528	0.26167	0.65837	0.23783
0.645376092	0.015331178	0.259491882	0.659461002	0.238054977	0.01528	0.25943	0.65979	0.23795
0.654804326	0.015334151	0.257126734	0.660969722	0.23819143	0.01529	0.25716	0.66124	0.23807
0.664326428	0.015335264	0.254727204	0.66250365	0.238329566	0.01529	0.25487	0.6627	0.2382
0.673951106	0.015334453	0.252291485	0.664063961	0.238469441	0.01529	0.25254	0.66418	0.23833
0.683688134	0.015331652	0.249817571	0.665651935	0.238611118	0.0153	0.25018	0.66568	0.23846
0.69354855	0.015326789	0.247303221	0.667268984	0.238754671	0.01529	0.24779	0.66721	0.23859
0.703544882	0.015319793	0.244745918	0.668916672	0.238900186	0.01529	0.24535	0.66876	0.23872
0.713691454	0.015310586	0.242142809	0.670596755	0.239047768	0.01529	0.24287	0.67034	0.23886
0.724004754	0.015299084	0.239490633	0.672311221	0.239197538	0.01528	0.24035	0.67195	0.239
0.73450392	0.015285198	0.236785634	0.674062348	0.239349645	0.01528	0.23778	0.67359	0.23914
0.745211374	0.015268827	0.23402343	0.675852776	0.239504266	0.01527	0.23515	0.67527	0.23929
0.756153662	0.015249859	0.231198861	0.677685613	0.239661619	0.01526	0.23246	0.67699	0.23943
0.767362593	0.015228168	0.228305761	0.679564565	0.239821969	0.01524	0.2297	0.67875	0.23959
0.778876816	0.015203602	0.225336655	0.681494129	0.239985649	0.01523	0.22685	0.68057	0.23975
0.79074407	0.015175983	0.222282322	0.683479865	0.240153081	0.01521	0.22392	0.68245	0.23991
0.803024474	0.015145089	0.219131155	0.685528797	0.240324803	0.01519	0.22088	0.68439	0.24008
0.815795523	0.015110638	0.215868183	0.68765002	0.240501528	0.01516	0.21772	0.68641	0.24026
0.829160031	0.015072261	0.212473522	0.689855674	0.240684214	0.01513	0.21441	0.68854	0.24044
0.84325943	0.01502945	0.208919772	0.692162577	0.240874201	0.0151	0.21091	0.69078	0.24064
0.858297669	0.014981477	0.205167325	0.694595165	0.241073448	0.01506	0.20717	0.69317	0.24085
0.874588307	0.014927216	0.201155131	0.697191306	0.241285004	0.01501	0.20313	0.69577	0.24107
0.892660118	0.014864767	0.196779932	0.700015348	0.241514063	0.01496	0.19864	0.69865	0.24133
0.91354608	0.014790413	0.191839413	0.703193932	0.241770868	0.01488	0.19345	0.70198	0.24162
0.939918487	0.014694535	0.185808614	0.707056893	0.24208212	0.01478	0.18691	0.70619	0.24199
1	0.01447609	0.173122492	0.715114811	0.24273239	0.01451	0.17206	0.71576	0.24284
1.037993815	0.014343624	0.165986519	0.719608547	0.243098972	0.01429	0.16179	0.72238	0.24343
1.05811493	0.014276546	0.16251429	0.721787568	0.243278779	0.01421	0.15846	0.72453	0.24362
1.07490538	0.014222511	0.159785374	0.723498167	0.243421234	0.01415	0.15609	0.72606	0.24376
1.089994279	0.01417558	0.157465553	0.724952015	0.243543405	0.01411	0.1542	0.72729	0.24387
1.104031494	0.014133378	0.155420577	0.726234263	0.243652139	0.01407	0.1526	0.72832	0.24396
1.117357408	0.014094657	0.153579975	0.727389683	0.24375103	0.01403	0.15121	0.72922	0.24404
1.130178073	0.014058667	0.151901186	0.728445371	0.243842242	0.014	0.14996	0.73003	0.24411
1.142630342	0.014024913	0.150356126	0.729419238	0.243927204	0.01397	0.14883	0.73076	0.24418
1.154811296	0.01399305	0.148925095	0.730323875	0.244006914	0.01394	0.14779	0.73143	0.24424
1.166793338	0.013962823	0.147593633	0.731168538	0.244082101	0.01391	0.14683	0.73205	0.24429
1.17863267	0.013934041	0.146350745	0.731960276	0.244153317	0.01389	0.14594	0.73263	0.24434
1.190374394	0.013906555	0.145187831	0.732704605	0.244220992	0.01387	0.1451	0.73318	0.24439
1.202055752	0.013880245	0.144098001	0.733405941	0.244285466	0.01385	0.14431	0.73369	0.24444
1.213708269	0.013855017	0.143075622	0.734067886	0.244347011	0.01383	0.14356	0.73417	0.24448
1.225359238	0.01383079	0.142116008	0.73469343	0.244405851	0.01381	0.14285	0.73463	0.24452
1.237032768	0.013807501	0.141215191	0.735285084	0.244462173	0.01379	0.14217	0.73507	0.24456
1.248750548	0.013785093	0.140369766	0.735844987	0.244516131	0.01377	0.14153	0.73549	0.2446
1.260532427	0.013763521	0.139576763	0.736374982	0.244567855	0.01375	0.14091	0.73589	0.24464
1.272396845	0.013742745	0.138833563	0.73687667	0.244617454	0.01373	0.14032	0.73627	0.24467
1.284361186	0.01372273	0.138137822	0.737351457	0.244665024	0.01372	0.13975	0.73664	0.2447
1.296442049	0.013703448	0.137487415	0.737800588	0.244710644	0.0137	0.1392	0.73699	0.24474
1.30865547	0.013684874	0.136880396	0.738225173	0.244754383	0.01369	0.13868	0.73734	0.24477
1.321017113	0.013666984	0.136314958	0.738626211	0.244796301	0.01367	0.13817	0.73766	0.2448
1.333542428	0.01364976	0.135789409	0.739004607	0.244836449	0.01366	0.13768	0.73798	0.24483
1.34624679	0.013633186	0.135302143	0.739361185	0.24487487	0.01364	0.13721	0.73828	0.24485
1.35914562	0.013617246	0.134851627	0.739696702	0.244911603	0.01363	0.13676	0.73858	0.24488
1.3722545	0.013601927	0.134436381	0.740011855	0.244946681	0.01362	0.13632	0.73886	0.2449
1.385589274	0.013587219	0.134054965	0.740307293	0.244980132	0.0136	0.1359	0.73914	0.24493
1.399166149	0.013573112	0.133705971	0.740583621	0.24501198	0.01359	0.13549	0.7394	0.24495
1.413001788	0.013559597	0.133388014	0.740841407	0.245042246	0.01358	0.1351	0.73966	0.24498
1.427113408	0.013546668	0.133099721	0.741081184	0.245070949	0.01357	0.13472	0.7399	0.245
1.441518868	0.013534318	0.132839731	0.74130346	0.245098102	0.01356	0.13435	0.74014	0.24502
1.456236775	0.013522542	0.132606687	0.741508715	0.245123719	0.01355	0.134	0.74037	0.24504
1.471286572	0.013511336	0.132399236	0.741697407	0.245147811	0.01354	0.13366	0.74059	0.24506
1.486688651	0.013500697	0.132216025	0.741869973	0.245170387	0.01353	0.13333	0.7408	0.24508
1.50246446	0.013490623	0.1320557	0.742026831	0.245191453	0.01352	0.13302	0.741	0.2451
1.518636619	0.013481112	0.13191691	0.742168384	0.245211017	0.01351	0.13272	0.7412	0.24511
1.535229045	0.013472163	0.131798302	0.742295016	0.245229083	0.0135	0.13243	0.74138	0.24513
1.552267092	0.013463776	0.131698529	0.742407096	0.245245654	0.01349	0.13216	0.74156	0.24515
1.569777694	0.013455953	0.131616252	0.742504979	0.245260733	0.01348	0.1319	0.74173	0.24516
1.587789529	0.013448695	0.131550141	0.742589003	0.245274322	0.01348	0.13165	0.74189	0.24518
1.606333198	0.013442005	0.131498882	0.74265949	0.245286422	0.01347	0.13142	0.74204	0.24519
1.625441414	0.013435887	0.131461184	0.742716748	0.245297034	0.01346	0.1312	0.74219	0.2452
1.645149224	0.013430345	0.131435787	0.742761066	0.245306156	0.01346	0.13099	0.74232	0.24522
1.665494248	0.013425386	0.131421466	0.742792714	0.245313789	0.01345	0.1308	0.74244	0.24523
1.68651694	0.013421017	0.131417044	0.742811943	0.245319931	0.01344	0.13062	0.74256	0.24524
1.708260892	0.013417246	0.131421402	0.742818982	0.245324579	0.01344	0.13046	0.74266	0.24525
1.730773166	0.013414084	0.13143349	0.742814035	0.245327729	0.01343	0.13032	0.74276	0.24526
1.754104664	0.013411542	0.131452343	0.742797277	0.245329379	0.01343	0.13019	0.74284	0.24526
1.778310556	0.013409634	0.131477091	0.742768857	0.245329523	0.01343	0.13008	0.74291	0.24527
1.803450748	0.013408376	0.131506981	0.742728885	0.245328155	0.01342	0.12999	0.74297	0.24527
1.829590427	0.013407787	0.131541393	0.742677434	0.245325267	0.01342	0.12992	0.74301	0.24528
1.856800668	0.013407887	0.131579861	0.742614535	0.245320849	0.01342	0.12987	0.74305	0.24528
1.885159133	0.013408701	0.131622097	0.742540168	0.245314889	0.01342	0.12984	0.74307	0.24528
1.914750865	0.013410257	0.131668014	0.742454256	0.245307374	0.01342	0.12983	0.74307	0.24528
1.945669196	0.013412586	0.13171776	0.74235666	0.245298285	0.01342	0.12985	0.74306	0.24528
1.978016798	0.013415726	0.131771744	0.742247169	0.2452876	0.01342	0.12989	0.74303	0.24528
2.011906889	0.013419717	0.131830678	0.742125488	0.245275294	0.01342	0.12996	0.74299	0.24528
2.047464626	0.013424607	0.131895612	0.741991229	0.245261332	0.01343	0.13006	0.74292	0.24527
2.084828725	0.013430449	0.131967986	0.741843896	0.245245676	0.01343	0.13019	0.74284	0.24526
2.124153357	0.013437306	0.132049677	0.74168287	0.245228278	0.01344	0.13036	0.74273	0.24525
2.165610346	0.013445247	0.132143064	0.741507388	0.24520908	0.01344	0.13056	0.7426	0.24524
2.209391772	0.013454351	0.132251091	0.741316526	0.24518801	0.01345	0.1308	0.74244	0.24523
2.255713027	0.013464708	0.132377352	0.741109167	0.245164983	0.01346	0.13108	0.74226	0.24521
2.30481644	0.013476419	0.132526178	0.740883974	0.245139897	0.01347	0.13141	0.74205	0.24519
2.356975595	0.013489598	0.132702748	0.740639349	0.245112627	0.01348	0.13179	0.7418	0.24517
2.412500489	0.013504373	0.132913216	0.740373391	0.245083024	0.01349	0.13223	0.74152	0.24514
2.471743742	0.01352089	0.133164861	0.740083835	0.245050909	0.01351	0.13272	0.7412	0.24511
2.535108103	0.013539307	0.133466267	0.739767989	0.245016066	0.01353	0.13328	0.74084	0.24508
2.603055576	0.013559803	0.133827537	0.739422643	0.244978236	0.01355	0.13391	0.74042	0.24505
2.676118595	0.013582575	0.134260556	0.739043963	0.244937107	0.01357	0.13463	0.73996	0.245
2.754913788	0.013607837	0.134779302	0.738627357	0.244892304	0.01359	0.13543	0.73944	0.24496
2.840159053	0.013635821	0.135400226	0.738167298	0.244843375	0.01362	0.13633	0.73886	0.2449
2.932694914	0.013666773	0.136142707	0.737657098	0.244789771	0.01365	0.13733	0.73821	0.24485
3.033511424	0.01370095	0.137029591	0.737088623	0.244730829	0.01368	0.13847	0.73747	0.24478
3.143782379	0.013738614	0.138087835	0.7364519	0.244665738	0.01372	0.13974	0.73665	0.24471
3.264909213	0.01378002	0.139349233	0.735734612	0.244593504	0.01376	0.14116	0.73573	0.24462
3.398577912	0.013825403	0.140851208	0.7349214	0.2445129	0.0138	0.14276	0.73469	0.24453
3.546833593	0.01387496	0.142637591	0.733992928	0.244422398	0.01385	0.14456	0.73352	0.24442
3.712179427	0.013928829	0.144759226	0.732924568	0.244320075	0.01391	0.14659	0.73221	0.24431
3.897709558	0.013987076	0.147274019	0.731684563	0.244203485	0.01397	0.14889	0.73072	0.24417
4.107290267	0.014049696	0.150245753	0.730231389	0.244069469	0.01404	0.15149	0.72904	0.24402
4.345810806	0.014116672	0.153740226	0.728509896	0.243913892	0.01411	0.15445	0.72713	0.24385
4.619536792	0.01418817	0.157815939	0.726445557	0.243731237	0.01419	0.15783	0.72494	0.24366
4.93661782	0.014265039	0.162503817	0.723935672	0.243513992	0.01429	0.1617	0.72244	0.24343
5.307832603	0.01434998	0.167764834	0.720835556	0.24325169	0.01439	0.16617	0.71956	0.24318
5.747709935	0.014450141	0.173402865	0.716936188	0.242929341	0.01449	0.17135	0.71621	0.24288
6.276262701	0.014582762	0.178885483	0.711926741	0.242524795	0.01461	0.17741	0.71231	0.24253
6.921757632	0.014787322	0.18297196	0.70532926	0.242004074	0.01474	0.18455	0.70771	0.24213
