0.0   0.00000000000000e+000
 1.80257510729614e-004   -4.10249367227908e+007
 4.37768240343347e-004   -4.82035435237152e+007
 5.92274678111588e-004   -5.00491691427314e+007
 9.01287553648069e-004   -5.31250357653791e+007
 1.36480686695279e-003   -5.49696049301200e+007
 1.87982832618026e-003   -5.53781005832508e+007
 2.60085836909871e-003   -5.53756355232750e+007
 3.73390557939914e-003   -5.37307362165731e+007
 8.11158798283262e-003   -4.67414108066469e+007
 1.18197424892704e-002   -4.13954000220095e+007
 1.81545064377682e-002   -3.27583580939804e+007
 2.20686695278970e-002   -2.82321558270056e+007
 2.49012875536481e-002   -2.47352921756355e+007
 3.03090128755365e-002   -2.06142401232530e+007
 3.87038626609442e-002   -1.64829756795422e+007
