0.0   0.00000000000000e+000
-2.31759656652356e-004   -7.38531968746561e+006
-4.89270386266095e-004   -1.37451744250028e+007
-7.98283261802573e-004   -2.13359744690217e+007
-1.36480686695279e-003   -3.32353471992957e+007
-1.72532188841201e-003   -4.04160669087708e+007
-2.13733905579399e-003   -4.78020908990866e+007
-2.80686695278970e-003   -5.31377132166832e+007
-3.27038626609442e-003   -5.47803235391218e+007
-3.93991416309013e-003   -5.51928689336415e+007
-4.30042918454936e-003   -5.33479476174755e+007
-4.86695278969957e-003   -4.88370639374931e+007
-5.48497854077253e-003   -4.41212281280951e+007
-6.20600858369099e-003   -3.79698470342247e+007
-6.92703862660944e-003   -3.16133377352261e+007
-7.69957081545065e-003   -2.54621327170683e+007
-8.21459227467811e-003   -2.19767139870144e+007
-9.45064377682404e-003   -1.64424782656542e+007