0    0.00000000000000e+000
 1.70124230911982e-004   -1.29461058319276e+007
 2.85562116964747e-004   -1.93443955555623e+007
 3.61965485713596e-004   -2.24688933169643e+007
 4.66522228491939e-004   -2.57418726358022e+007
 6.17808140640135e-004   -2.88654416618957e+007
 7.31000998796013e-004   -3.06500065570533e+007
 8.53264493857857e-004   -3.18391360275905e+007
 1.00353652243972e-003   -3.28790873892105e+007
 1.18178087441423e-003   -3.36954457253247e+007
 1.31307879625467e-003   -3.42147248546533e+007
 1.50061104589935e-003   -3.48821372656773e+007
 1.73490867504126e-003   -3.54745543005452e+007
 2.00661136575548e-003   -3.59920920511705e+007
 2.32511564609429e-003   -3.65090493422281e+007
 2.71839383945033e-003   -3.68018331482122e+007
 3.15840120217623e-003   -3.69452066614518e+007
 3.43913831966904e-003   -3.67928940708685e+007
 3.65438942181479e-003   -3.67158090402684e+007
 3.92565759100058e-003   -3.63403677918336e+007
 3.96306265257288e-003   -3.62654885075910e+007