0    0.00000000000000e+000
-2.98760708390792e-004   -1.11659524294851e+007
-3.99986119451175e-004   -1.47391454367746e+007
-5.01682262167358e-004   -1.73449445284157e+007
-6.12630092426350e-004   -2.01741044617353e+007
-7.42262348407811e-004   -2.30779114954704e+007
-8.62823967483306e-004   -2.53862831045852e+007
-9.55630523930368e-004   -2.70245721886643e+007
-1.09513003961991e-003   -2.88866864820762e+007
-1.20676586229892e-003   -3.03019630002173e+007
-1.34648263875268e-003   -3.17175877940991e+007
-1.51424415885383e-003   -3.32079757803100e+007
-1.65417819607180e-003   -3.41771110746617e+007
-1.78486054574697e-003   -3.49228855273349e+007
-1.89693088995441e-003   -3.54451830464160e+007
-2.01839776221413e-003   -3.58931817408222e+007
-2.15862148045106e-003   -3.62669977024672e+007
-2.29888140881536e-003   -3.65663987475239e+007
-2.42981722938210e-003   -3.67912687840787e+007
-2.55146515227867e-003   -3.68671928955433e+007
-2.68254581335490e-003   -3.67944032657447e+007
-2.78569036116585e-003   -3.64236056938521e+007
-2.89830385728382e-003   -3.58296794641080e+007
-2.96404334352246e-003   -3.53840026079728e+007
-3.04864830612042e-003   -3.46408982693114e+007
-3.09570336663659e-003   -3.41205743127608e+007
-3.17098422143700e-003   -3.33029389655974e+007
-3.19928243597597e-003   -3.28567977418080e+007