由GetData Graph Digitizer 2.26.0.20在July 09 2016, 15:01生成
来自文件 'C:\Users\qhjun\Documents\Visual Studio 2015\Projects\plotRes\plotRes\Mazars\Mazars.jpg'

曲线 #1
-1.49051490514907e-005   -1.24804992199687e-002
-2.53387533875340e-005   -2.30889235569423e-002
-3.57723577235772e-005   -3.38533541341653e-002
-4.66802168021677e-005   -4.44617784711389e-002
-5.75880758807591e-005   -5.50702028081124e-002
-6.84959349593495e-005   -6.56786271450858e-002
-7.94037940379405e-005   -7.62870514820593e-002
-8.98373983739837e-005   -8.68954758190328e-002
-9.97967479674797e-005   -9.78159126365055e-002
-1.09281842818428e-004   -1.08580343213729e-001
-1.19715447154472e-004   -1.19188767550702e-001
-1.30623306233062e-004   -1.29953198127925e-001
-1.41531165311653e-004   -1.40561622464899e-001
-1.52913279132791e-004   -1.51170046801872e-001
-1.65718157181572e-004   -1.61934477379095e-001
-1.77100271002710e-004   -1.72386895475819e-001
-1.80420054200542e-004   -1.82371294851794e-001
-2.20257452574526e-004   -2.17004680187208e-001
-2.30691056910569e-004   -2.27613104524181e-001
-2.42073170731707e-004   -2.38221528861154e-001
-2.53929539295393e-004   -2.48829953198128e-001
-2.66734417344173e-004   -2.59438377535101e-001
-2.78116531165312e-004   -2.70202808112325e-001
-2.88550135501355e-004   -2.84555382215289e-001
-3.01355013550136e-004   -2.95007800312012e-001
-3.22222222222222e-004   -3.16068642745710e-001
-3.34078590785908e-004   -3.26677067082683e-001
-3.44986449864498e-004   -3.37285491419657e-001
-3.55894308943090e-004   -3.47893915756630e-001
-3.67750677506775e-004   -3.58346333853354e-001
-3.80081300813008e-004   -3.68954758190328e-001
-3.91937669376694e-004   -3.79407176287052e-001
-4.03794037940379e-004   -3.90015600624025e-001
-4.16124661246613e-004   -4.00468018720749e-001
-4.29403794037940e-004   -4.10764430577223e-001
-4.41734417344174e-004   -4.21216848673947e-001
-4.54065040650406e-004   -4.31825273010920e-001
-4.66869918699187e-004   -4.42121684867395e-001
-4.80623306233062e-004   -4.52418096723869e-001
-4.93902439024390e-004   -4.62714508580343e-001
-5.08130081300813e-004   -4.73010920436817e-001
-5.22357723577236e-004   -4.83151326053042e-001
-5.35636856368564e-004   -4.93291731669267e-001
-5.48915989159892e-004   -5.03588143525741e-001
-5.63617886178862e-004   -5.13728549141966e-001
-5.79268292682927e-004   -5.23712948517941e-001
-5.94918699186992e-004   -5.33853354134165e-001
-6.10569105691057e-004   -5.43837753510140e-001
-6.25745257452575e-004   -5.53978159126365e-001
-6.41869918699187e-004   -5.63806552262091e-001
-6.58943089430894e-004   -5.73634945397816e-001
-6.76016260162602e-004   -5.83307332293292e-001
-6.93089430894309e-004   -5.92979719188768e-001
-7.10636856368564e-004   -6.02652106084243e-001
-7.27710027100271e-004   -6.12324492979719e-001
-7.45731707317073e-004   -6.21996879875195e-001
-7.64227642276423e-004   -6.31669266770671e-001
-7.82723577235772e-004   -6.41029641185648e-001
-8.01693766937669e-004   -6.50390015600624e-001
-8.21138211382114e-004   -6.59594383775351e-001
-8.41056910569106e-004   -6.68486739469579e-001
-8.61449864498645e-004   -6.77535101404056e-001
-8.82317073170732e-004   -6.86427457098284e-001
-9.04132791327913e-004   -6.95163806552262e-001
-9.26422764227642e-004   -7.03744149765991e-001
-9.48238482384824e-004   -7.12324492979719e-001
-9.70054200542005e-004   -7.21060842433697e-001
-9.92818428184282e-004   -7.29485179407176e-001
-1.01747967479675e-003   -7.37285491419657e-001
-1.04261517615176e-003   -7.44929797191888e-001
-1.06822493224932e-003   -7.52574102964119e-001
-1.09430894308943e-003   -7.59750390015601e-001
-1.12086720867209e-003   -7.66770670826833e-001
-1.14789972899729e-003   -7.73634945397816e-001
-1.17540650406504e-003   -7.80343213728549e-001
-1.20338753387534e-003   -7.86739469578783e-001
-1.23231707317073e-003   -7.92667706708268e-001
-1.26219512195122e-003   -7.98283931357254e-001
-1.29207317073171e-003   -8.03900156006240e-001
-1.32195121951220e-003   -8.09204368174727e-001
-1.35325203252033e-003   -8.13884555382215e-001
-1.38502710027100e-003   -8.18096723868955e-001
-1.41680216802168e-003   -8.22152886115445e-001
-1.44905149051491e-003   -8.25741029641186e-001
-1.48177506775068e-003   -8.29173166926677e-001
-1.51497289972900e-003   -8.32137285491420e-001
-1.54864498644986e-003   -8.34477379095164e-001
-1.58231707317073e-003   -8.36193447737909e-001
-1.61598915989160e-003   -8.37909516380655e-001
-1.64966124661247e-003   -8.39469578783151e-001
-1.68380758807588e-003   -8.40249609984399e-001
-1.71795392953930e-003   -8.40405616224649e-001
-1.75210027100271e-003   -8.40405616224649e-001
-1.78624661246612e-003   -8.40405616224649e-001
-1.82039295392954e-003   -8.39781591263651e-001
-1.85406504065041e-003   -8.38689547581903e-001
-1.88821138211382e-003   -8.37441497659906e-001
-1.92188346883469e-003   -8.36037441497660e-001
-1.95555555555556e-003   -8.34165366614665e-001
-1.98922764227642e-003   -8.31825273010920e-001
-2.02242547425474e-003   -8.29485179407176e-001
-2.05609756097561e-003   -8.27145085803432e-001
-2.08976964769648e-003   -8.24492979719189e-001
-2.12249322493225e-003   -8.21216848673947e-001
-2.15521680216802e-003   -8.17784711388456e-001
-2.18794037940379e-003   -8.14508580343214e-001
-2.22066395663957e-003   -8.11232449297972e-001
-2.25338753387534e-003   -8.07644305772231e-001
-2.28516260162602e-003   -8.03744149765991e-001
-2.31693766937669e-003   -7.99687987519501e-001
-2.34918699186992e-003   -7.95943837753510e-001
-2.38096205962060e-003   -7.92199687987520e-001
-2.41321138211382e-003   -7.88299531981279e-001
-2.44593495934959e-003   -7.83931357254290e-001
-2.47533875338753e-003   -7.78315132605304e-001

曲线 #2
 4.06504065040636e-006   -1.57566302652107e-002
 7.85907859078561e-006   -2.74570982839313e-002
 9.28184281842820e-006   -3.90015600624025e-002
 1.40243902439024e-005   -6.14664586583463e-002
 1.16531165311653e-005   -5.02340093603745e-002
 2.11382113821140e-005   -9.51638065522621e-002
 1.87669376693770e-005   -8.39313572542901e-002
 1.63956639566394e-005   -7.26989079563183e-002
 2.77777777777776e-005   -1.17472698907956e-001
 2.44579945799456e-005   -1.06396255850234e-001
 3.58401084010842e-005   -1.51170046801872e-001
 3.25203252032522e-005   -1.39937597503900e-001
 3.01490514905147e-005   -1.28705148205928e-001
 4.15311653116533e-005   -1.73634945397816e-001
 3.91598915989162e-005   -1.62402496099844e-001
 4.67479674796747e-005   -1.96099843993760e-001
 4.43766937669376e-005   -1.84867394695788e-001
 4.91192411924118e-005   -2.07332293291732e-001
 5.57588075880758e-005   -2.29485179407176e-001
 5.24390243902438e-005   -2.18408736349454e-001
 5.90785907859078e-005   -2.40561622464899e-001
 6.52439024390245e-005   -2.62870514820593e-001
 6.23983739837398e-005   -2.51638065522621e-001
 7.09349593495932e-005   -2.85335413416537e-001
 6.80894308943089e-005   -2.74102964118565e-001
 7.61517615176150e-005   -3.07644305772231e-001
 7.37804878048779e-005   -2.96411856474259e-001
 7.80487804878049e-005   -3.18720748829953e-001
 8.08943089430896e-005   -3.29953198127925e-001
 8.42140921409216e-005   -3.41185647425897e-001
 8.75338753387532e-005   -3.52262090483619e-001
 9.08536585365852e-005   -3.63494539781591e-001
 9.36991869918699e-005   -3.74726989079563e-001
 9.70189701897019e-005   -3.85803432137285e-001
 1.00338753387534e-004   -3.96879875195008e-001
 1.03184281842819e-004   -4.08112324492980e-001
 1.06504065040651e-004   -4.19344773790952e-001
 1.10772357723577e-004   -4.30421216848674e-001
 1.14566395663956e-004   -4.41653666146646e-001
 1.17411924119241e-004   -4.52886115444618e-001
 1.20257452574526e-004   -4.63962558502340e-001
 1.23102981029810e-004   -4.75195007800312e-001
 1.27371273712737e-004   -4.86271450858034e-001
 1.32113821138211e-004   -4.97347893915757e-001
 1.36382113821138e-004   -5.08424336973479e-001
 1.45867208672087e-004   -5.29953198127925e-001
 1.41124661246612e-004   -5.19500780031201e-001
 1.49661246612466e-004   -5.41185647425897e-001
 1.52506775067751e-004   -5.52418096723869e-001
 1.56775067750678e-004   -5.63650546021841e-001
 1.66260162601626e-004   -5.85803432137286e-001
 1.61517615176152e-004   -5.74726989079563e-001
 1.71002710027100e-004   -5.96879875195008e-001
 1.81910569105691e-004   -6.18876755070203e-001
 1.76219512195122e-004   -6.07956318252730e-001
 1.87601626016260e-004   -6.29953198127925e-001
 1.93292682926830e-004   -6.41029641185648e-001
 1.98983739837398e-004   -6.52106084243370e-001
 2.04674796747967e-004   -6.63182527301092e-001
 2.10840108401084e-004   -6.74102964118565e-001
 2.17953929539295e-004   -6.85179407176287e-001
 2.25067750677507e-004   -6.96099843993760e-001
 2.32181571815718e-004   -7.07020280811232e-001
 2.39295392953929e-004   -7.17940717628705e-001
 2.46883468834688e-004   -7.28861154446178e-001
 2.54945799457995e-004   -7.39781591263651e-001
 2.63008130081301e-004   -7.50702028081123e-001
 2.72493224932249e-004   -7.61466458658346e-001
 2.82452574525745e-004   -7.72074882995320e-001
 2.93360433604336e-004   -7.82683307332293e-001
 3.05691056910569e-004   -7.93135725429017e-001
 3.19444444444445e-004   -8.03588143525741e-001
 3.35094850948509e-004   -8.13728549141966e-001
 3.53590785907859e-004   -8.23400936037441e-001
 3.76829268292683e-004   -8.31825273010920e-001
 4.04810298102981e-004   -8.37753510140406e-001
 4.37059620596206e-004   -8.39937597503900e-001
 4.68834688346883e-004   -8.37441497659906e-001
 4.97764227642276e-004   -8.31201248049922e-001
 5.22425474254743e-004   -8.23088923556942e-001
 5.44715447154471e-004   -8.14352574102964e-001
 5.65582655826558e-004   -8.05460218408736e-001
 5.84078590785908e-004   -7.95943837753510e-001
 6.01151761517615e-004   -7.86271450858034e-001
 6.19647696476965e-004   -7.76911076443058e-001
