0   0.00000000000000e+000
-4.85933503836317e-004   -1.84806193499249e+007
-1.09974424552430e-003   -3.47284285596825e+007
-1.71355498721228e-003   -4.91488266019275e+007
-2.32736572890026e-003   -6.07265850502638e+007
-3.04347826086956e-003   -6.88532592467576e+007
-3.65728900255755e-003   -7.33244187103224e+007
-4.11764705882352e-003   -7.53579913536812e+007
-4.47570332480818e-003   -7.71878259138570e+007
-5.03836317135550e-003   -7.88159995845613e+007
-5.95907928388747e-003   -8.14618250743246e+007
-6.93094629156010e-003   -8.28897226513647e+007
-7.64705882352941e-003   -8.39097978630870e+007
-8.41432225063939e-003   -8.43210822179236e+007
-9.28388746803070e-003   -8.47330589706640e+007
-1.02046035805627e-002   -8.45362448665187e+007
-1.11253196930946e-002   -8.39333393918150e+007
-1.20971867007673e-002   -8.31277344307840e+007
-1.31713554987212e-002   -8.15106391265401e+007
-1.41943734015345e-002   -8.00962433086234e+007
-1.52173913043478e-002   -7.78696647495900e+007
-1.60358056265985e-002   -7.60477927653074e+007
-1.70588235294118e-002   -7.40242598915532e+007
-1.78772378516624e-002   -7.22023879072706e+007
-1.86956521739130e-002   -6.99744245524297e+007
-1.94629156010230e-002   -6.77461149986368e+007
-2.04347826086956e-002   -6.49100531848140e+007
-2.12531969309463e-002   -6.30881812005314e+007
-2.22250639386189e-002   -6.00490737014294e+007
-2.31969309462916e-002   -5.76191032581649e+007
-2.43222506393862e-002   -5.49871257264769e+007
-2.55498721227621e-002   -5.19497492221342e+007
-2.66240409207161e-002   -4.95204711767735e+007
-2.76470588235294e-002   -4.79030296735777e+007
-2.87723785166240e-002   -4.52710521418896e+007