0  0.00000000000000e+000
 2.81329923273656e-004   -6.11150202742761e+007
 5.37084398976980e-004   -6.92351166906842e+007
 7.92838874680304e-004   -7.49186648837421e+007
 1.09974424552430e-003   -7.83683643397770e+007
 1.50895140664962e-003   -8.12082343420705e+007
 1.91815856777493e-003   -8.28298302326890e+007
 2.22506393861893e-003   -8.36399357800944e+007
 2.73657289002558e-003   -8.42456108464132e+007
 3.19693094629156e-003   -8.46485864264046e+007
 3.86189258312020e-003   -8.46440858400301e+007
 4.57800511508951e-003   -8.42331476841454e+007
 5.54987212276215e-003   -8.34143871629429e+007
 6.52173913043478e-003   -8.19864895859028e+007
 7.23785166240409e-003   -8.07633686889013e+007
 8.05626598465473e-003   -7.89304183381585e+007
 8.87468030690537e-003   -7.70974679874157e+007
 9.84654731457800e-003   -7.48573876692588e+007
 1.07672634271100e-002   -7.24146078647747e+007
 1.15856777493606e-002   -7.03786118287527e+007
 1.23529411764706e-002   -6.83429619916826e+007
 1.35294117647059e-002   -6.61014968777182e+007
 1.49104859335038e-002   -6.32495099121087e+007
 1.56777493606138e-002   -6.18229971308762e+007
 1.69053708439898e-002   -5.91750944474016e+007
 1.84910485933504e-002   -5.63217226859846e+007
 1.97186700767263e-002   -5.38768656877891e+007
 2.13554987212276e-002   -5.14292390979786e+007
 2.27365728900256e-002   -4.89833435029275e+007
 2.40153452685422e-002   -4.75533687321762e+007
 2.53964194373402e-002   -4.57166101929626e+007