 0.00000000000000e+000   -0.00000000000000e+000
 3.43097041934085e-004   -5.31969309462916e+007
 3.93633775383522e-004   -5.60613810741688e+007
 5.98281224638415e-004   -5.97442455242967e+007
 8.54518255956272e-004   -6.30179028132992e+007
 1.36837418239725e-003   -6.52685421994885e+007
 2.03686724895044e-003   -6.67007672634271e+007
 2.80867108570626e-003   -6.69053708439898e+007
 3.52914855255250e-003   -6.67007672634271e+007
 5.02215368957636e-003   -6.44501278772378e+007
 6.66986176975078e-003   -6.11764705882353e+007
 8.21452229187596e-003   -5.83120204603581e+007
 1.02229626282611e-002   -5.34015345268542e+007
 1.28489644795199e-002   -4.82864450127877e+007
 1.48056836277654e-002   -4.41943734015345e+007
 1.72255903629257e-002   -3.98976982097187e+007