 0.00000000000000e+000   -0.00000000000000e+000
-2.59790395388523e-004   -7.77493606138107e+006
-6.23088970094710e-004   -1.73913043478261e+007
-1.03777971774883e-003   -2.68030690537084e+007
-1.60796304501366e-003   -3.96930946291560e+007
-2.33192807289222e-003   -5.07416879795396e+007
-2.89980829381496e-003   -5.64705882352941e+007
-3.31219593512698e-003   -5.87212276214834e+007
-3.67299399437603e-003   -6.05626598465473e+007
-3.98220247156212e-003   -6.19948849104859e+007
-4.34280312169614e-003   -6.32225063938619e+007
-4.75479594477809e-003   -6.42455242966752e+007
-5.21824674384632e-003   -6.52685421994885e+007
-5.78454769184875e-003   -6.60869565217391e+007
-6.55661474075796e-003   -6.67007672634271e+007
-7.22563423161792e-003   -6.69053708439898e+007
-7.89465372247788e-003   -6.71099744245524e+007
-8.51201782823652e-003   -6.67007672634271e+007
-9.38667181392656e-003   -6.62915601023018e+007
-1.03126521695262e-002   -6.54731457800511e+007
-1.12900246980737e-002   -6.44501278772378e+007
-1.22158076445583e-002   -6.30179028132992e+007
-1.31415905910429e-002   -6.15856777493606e+007
-1.40159155615412e-002   -6.01534526854220e+007
-1.50958750268696e-002   -5.81074168797954e+007
-1.61244423192500e-002   -5.62659846547315e+007
-1.73071861304743e-002   -5.38107416879795e+007
-1.84897983356218e-002   -5.09462915601023e+007
-2.00838111365062e-002   -4.72634271099744e+007
-2.20379639662562e-002   -4.33759590792839e+007
-2.39922484020829e-002   -3.98976982097187e+007