 0.00000000000000e+000    -0.00000000000000e+000
 2.40444302114909e-004    -5.23785166240409e+007
 3.93633775383522e-004    -5.60613810741688e+007
 5.46889051690480e-004    -5.95396419437340e+007
 9.05976231942548e-004    -6.30179028132992e+007
 1.52261650427939e-003    -6.56777493606138e+007
 2.75708150364330e-003    -6.73145780051151e+007
 5.74190732300079e-003    -6.64961636828645e+007
 7.54352870986563e-003    -6.46547314578005e+007
 9.39660807271674e-003    -6.28132992327366e+007
 1.19191675476962e-002    -5.93350383631714e+007
 1.45958377384812e-002    -5.66751918158568e+007
 1.78390062863836e-002    -5.25831202046036e+007
 2.14937728391379e-002    -4.86956521739130e+007
 2.49943628730484e-002    -4.41943734015345e+007
 2.88547639206328e-002    -4.09207161125320e+007