由GetData Graph Digitizer 2.26.0.20在July 11 2016, 15:43生成
来自文件 'C:\Users\qhjun\Documents\Visual Studio 2015\Projects\plotRes\plotRes\Mazars\Uniaxial.jpg'

曲线 #1
 0.00000000000000e+000    0.00000000000000e+000
-4.29735164523278e-004   -1.16551361818361e+007
-6.93383038210624e-004   -1.74836905871389e+007
-9.01523553791372e-004   -2.20979510828323e+007
-1.15145159309902e-003   -2.68343736601724e+007
-1.24869816565653e-003   -2.84134629900624e+007
-1.37372257190534e-003   -3.04783826054400e+007
-1.49881944206812e-003   -3.21793522128668e+007
-1.56838479948631e-003   -3.27873445800012e+007
-1.69357828820106e-003   -3.40030475101600e+007
-1.77705671710289e-003   -3.47326383507213e+007
-1.90234682436961e-003   -3.54630746036123e+007
-2.09734721688248e-003   -3.60736032077359e+007
-2.36208204927949e-003   -3.64429074937751e+007
-2.61302458338282e-003   -3.60840299598027e+007
-2.86406373603812e-003   -3.52398857485623e+007
-3.08730090036413e-003   -3.40312279211512e+007
-3.36648020628061e-003   -3.18531639556440e+007
-3.65964504759470e-003   -2.94327484556128e+007
-4.00867956658528e-003   -2.64068768254364e+007
-4.24614381268883e-003   -2.37427007703317e+007
-4.44165145259954e-003   -2.18055793187990e+007
-4.72080660387803e-003   -1.97488320226087e+007
-4.99988929124253e-003   -1.80560347343694e+007
-5.40440701370172e-003   -1.63657736831193e+007
-6.01803143726135e-003   -1.44371063548840e+007
-6.64554477766662e-003   -1.27513541693925e+007
-7.28697118955554e-003   -1.11872004573278e+007
-7.87250376912997e-003   -1.03498195447253e+007
-9.09931783276536e-003   -8.67618493596002e+006
-1.02981366709675e-002   -7.60857006555971e+006
